k_M = -42.43e-3;
R_A = 0.36;
L_A = 0.11e-3;
r_DG = 21.03e-3;


%1-D lookup table
LT1D_R_LH =[10 20 30 40;
            0.618 0.276 0.204 0.146];